function [bmin, bmax] = ParamBounds()

% [(1) C_pa, (2) x*R0m, (3) V01, (4) C11, (5) cf1, (6) rf1, (7) Vc_factor
% (8) fact40, (9) fact60, (10) fact80, (11) fact120, (12) fact140, 
% (13) beta
% (14) L_pa
% (15) R_pa]


bmin = [0.001,    1,       0.05,   0.001,  .10, 1.0, 0.0, ...
    1, 1, 1,  0.001, 0.001, ...
    0.001, ...
    0.5, ...
    0.5];

bmax = [0.1      , 5,       1,      0.01,   1.0, 3.0, 0.95, ...
    20, 20 , 20, 1, 1, ...
    1.0, ...
    10.0, ...
    10.0];
